version https://git-lfs.github.com/spec/v1
oid sha256:c5c1fb9d58bae000619aec8723223fcb4b1b61b2b44d90be0ca802c7610dd1e3
size 129750217
